2.22509313122638
2.22509313122638
2.22509313122638
2.22509313122638
2.22509313122638
2.22509313122638
2.22509313122638
2.25080000000597
2.31860000000000
2.37790000000000
2.44050000000000
2.48530000000000
2.52920000000000
2.56170000000000
2.61350000000000
2.64400000000000
2.67120000000000
2.70250000000000
2.72650000000000
2.74950000000000
2.77140000000000
2.79870000000000
2.81950000000000
2.84380000000000
2.86350000000000
2.88910000000000
2.90550000000000
2.92430000000000
2.93660000000000
2.95520000000000
2.97080000000000
2.98280000000000
2.99910000000000
3.01050000000000
3.02400000000000
3.03790000000000
3.05150000000000
3.06510000000000
3.07670000000000
3.08910000000000
3.10560000000000
3.11940000000000
3.13250000000000
3.14060000000000
3.15190000000000
3.16190000000000
3.17520000000000
3.18410000000000
3.19660000000000
3.21310000000000
3.22360000000000
3.23470000000000
3.24630000000000
3.26420000000000
3.28080000000000
3.28700000000000
3.29500000000000
3.31070000000000
3.32550000000000
3.34020000000000
3.35440000000000
3.37540000000000
3.38800000000000
3.39670000000000
3.41400000000000
3.42330000000000
3.43560000000000
3.44530000000000
3.45760000000000
3.46960000000000
3.48100000000000
3.49610000000000
3.50280000000000
3.51520000000000
3.52380000000000
3.53220000000000
3.54430000000000
3.56020000000000
3.56760000000000
3.57760000000000
3.58630000000000
3.60360000000000
3.61700000000000
3.62790000000000
3.63470000000000
3.64970000000000
3.66140000000000
3.67390000000000
3.68320000000000
3.69100000000000
3.70160000000000
3.71120000000000
3.72430000000000
3.73540000000000
3.74340000000000
3.75300000000000
3.76530000000000
3.77990000000000
3.79010000000000
3.79820000000000
3.80740000000000
3.81870000000000
3.82810000000000
3.83650000000000
3.84930000000000
3.86130000000000
3.87580000000000
3.89020000000000
3.90410000000000
3.91740000000000
3.92930000000000
3.94320000000000
3.95470000000000
3.96590000000000
3.98320000000000
3.99320000000000
4.00490000000000
4.02110000000000
4.03300000000000
4.04910000000000
4.05760000000000
4.07080000000000
4.08220000000000
4.09640000000000
4.10500000000000
4.11650000000000
4.13000000000000
4.14170000000000
4.15010000000000
4.15970000000000
4.17020000000000
4.18340000000000
4.19580000000000
4.20770000000000
4.22450000000000
4.23640000000000
4.24650000000000
4.26210000000000
4.27340000000000
4.28890000000000
4.30160000000000
4.31460000000000
4.32520000000000
4.33180000000000
4.34090000000000
4.35470000000000
4.36990000000000
4.38420000000000
4.39550000000000
4.40880000000000
4.41900000000000
4.43150000000000
4.44350000000000
4.45890000000000
4.47400000000000
4.48300000000000
4.49750000000000
4.50730000000000
4.51920000000000
4.53440000000000
4.54280000000000
4.55530000000000
4.56450000000000
4.57670000000000
4.58830000000000
4.59640000000000
4.60710000000000
4.61770000000000
4.63190000000000
4.63880000000000
4.64950000000000
4.66100000000000
4.66970000000000
4.68330000000000
4.69470000000000
4.71040000000000
4.72090000000000
4.73130000000000
4.74410000000000
4.75800000000000
4.76730000000000
4.78190000000000
4.79820000000000
4.80990000000000
4.82810000000000
4.84420000000000
4.86200000000000
4.87790000000000
4.89680000000000
4.91060000000000
4.92290000000000
4.93830000000000
4.95360000000000
4.96910000000000
4.98220000000000
4.99320000000000
5.00670000000000
5.02330000000000
5.04010000000000
5.06420000000000
5.08020000000000
5.09730000000000
5.11400000000000
5.13070000000000
5.15110000000000
5.17030000000000
5.18280000000000
5.20600000000000
5.22660000000000
5.24780000000000
5.27570000000000
5.29600000000000
5.32050000000000
5.33800000000000
5.36470000000000
5.38370000000000
5.40840000000000
5.43040000000000
5.44520000000000
5.46630000000000
5.47780000000000
5.48670000000000
5.50050000000000
5.51860000000000
5.53960000000000
5.55770000000000
5.58290000000000
5.60430000000000
5.62320000000000
5.64830000000000
5.67260000000000
5.68610000000000
5.70700000000000
5.73470000000000
5.75410000000000
5.77000000000000
5.78940000000000
5.82110000000000
5.84340000000000
5.86810000000000
5.89950000000000
5.92210000000000
5.94200000000000
5.96580000000000
5.99030000000000
6.01400000000000
6.03960000000000
6.07010000000000
6.09560000000000
6.13220000000000
6.15230000000000
6.18270000000000
6.20200000000000
6.22020000000000
6.24300000000000
6.26320000000000
6.28460000000000
6.30760000000000
6.34340000000000
6.37750000000000
6.41390000000000
6.45460000000000
6.48420000000000
6.52280000000000
6.55970000000000
6.59930000000000
6.64740000000000
6.68130000000000
6.71390000000000
6.75030000000000
6.78440000000000
6.82670000000000
6.87280000000000
6.90660000000000
6.94130000000000
6.98540000000000
7.03540000000000
7.07340000000000
7.11840000000000
7.16950000000000
7.23210000000000
7.28820000000000
7.35380000000000
7.40290000000000
7.45630000000000
7.50260000000000
7.55250000000000
7.61350000000000
7.65950000000000
7.70430000000000
7.75170000000000
7.80920000000000
7.85420000000000
7.91590000000000
7.97770000000000
8.04570000000000
8.11550000000000
8.16320000000000
8.23230000000000
8.29100000000000
8.35490000000000
8.44000000000000
8.52630000000000
8.61020000000000
8.69300000000000
8.75870000000000
8.84000000000000
8.92710000000000
9.02420000000000
9.13170000000000
9.22640000000000
9.33860000000000
9.42840000000000
9.51950000000000
9.60970000000000
9.68960000000000
9.75910000000000
9.83190000000000
9.91120000000000
9.97900000000000
10.0670000000000
10.1660000000000
10.2400000000000
10.3520000000000
10.4570000000000
10.5850000000000
10.7030000000000
10.8080000000000
10.9280000000000
11.0710000000000
11.1930000000000
11.3460000000000
11.4920000000000
11.6340000000000
11.7780000000000
11.9430000000000
12.1120000000000
12.2720000000000
12.4180000000000
12.5630000000000
12.7150000000000
12.8850000000000
13.0710000000000
13.3020000000000
13.4620000000000
13.6640000000000
13.8940000000000
14.0910000000000
14.3030000000000
14.5810000000000
14.8120000000000
15.0530000000000
15.3200000000000
15.5950000000000
15.9780000000000
16.3430000000000
16.8070000000000
17.3470000000000
18.0460000000000
18.6180000000000
19.2160000000000
19.9870000000000
20.9060000000000
22.3350000000000
33.7670000000000